      1000         0      1.16002  0.00000e+00
      1000         1      0.08884  0.00000e+00
      1000         2      0.01418  0.00000e+00
      1000         3      0.00256  0.00000e+00
      1000         4  5.74727e-04  0.00000e+00
      1000         5  1.45411e-04  0.00000e+00
      1000         6  4.01080e-05  0.00000e+00
      1000         7  1.16253e-05  0.00000e+00
      1000         8  3.50410e-06  0.00000e+00
      1000         9  1.01884e-06  0.00000e+00
      1000        10  3.05240e-07  0.00000e+00
      1000        11  9.36080e-08  0.00000e+00
      1000        12  2.86241e-08  0.00000e+00
      1000        13  8.79516e-09  0.00000e+00
      1000        14  2.62433e-09  0.00000e+00
      1000        15  7.85802e-10  0.00000e+00
      1000        16  2.38759e-10  0.00000e+00
      1000        17  7.41135e-11  0.00000e+00
      1000        18  2.31161e-11  0.00000e+00
      1000        19  7.13080e-12  0.00000e+00
      1000        20  2.27729e-12  0.00000e+00
      1000        21  7.11457e-13  0.00000e+00
      1000        22  2.23737e-13  0.00000e+00
      1000        23  7.03082e-14  0.00000e+00
      1000        24  2.17646e-14  0.00000e+00
      1000        25  6.75764e-15  0.00000e+00
      1000        26  2.09318e-15  0.00000e+00
      1000        27  6.83845e-16  0.00000e+00
      1000        28  2.14594e-16  0.00000e+00
      1000        29  6.84624e-17  0.00000e+00
      1000        30  2.21732e-17  0.00000e+00
      1000        31  7.15463e-18  0.00000e+00
      1000        32  2.31029e-18  0.00000e+00
      1000        33  7.28681e-19  0.00000e+00
      1000        34  2.26656e-19  0.00000e+00
      1000        35  7.09970e-20  0.00000e+00
      1000        36  2.27094e-20  0.00000e+00
      1000        37  7.22943e-21  0.00000e+00
      1000        38  2.30294e-21  0.00000e+00
      1000        39  7.35732e-22  0.00000e+00
      1000        40  2.36162e-22  0.00000e+00
      1000        41  7.55651e-23  0.00000e+00
      1000        42  2.43155e-23  0.00000e+00
      1000        43  7.79362e-24  0.00000e+00
      1000        44  2.50326e-24  0.00000e+00
      1000        45  8.00317e-25  0.00000e+00
      1000        46  2.72657e-25  0.00000e+00
      1000        47  1.07847e-25  0.00000e+00
      1000        48  8.16495e-26  0.00000e+00
      1000        49  1.68435e-25  0.00000e+00
      1000        50  4.84878e-25  0.00000e+00
      1000        51  1.46848e-24  0.00000e+00
      1000        52  4.52703e-24  0.00000e+00
      1000        53  1.38445e-23  0.00000e+00
      1000        54  4.18788e-23  0.00000e+00
      1000        55  1.27428e-22  0.00000e+00
      1000        56  3.90477e-22  0.00000e+00
      1000        57  1.26809e-21  0.00000e+00
      1000        58  4.06881e-21  0.00000e+00
      1000        59  1.32311e-20  0.00000e+00
      1000        60  4.26187e-20  0.00000e+00
      1000        61  1.37189e-19  0.00000e+00
      1000        62  4.47502e-19  0.00000e+00
      1000        63  1.41355e-18  0.00000e+00
      1000        64  4.47329e-18  0.00000e+00
      1000        65  1.39395e-17  0.00000e+00
      1000        66  4.34561e-17  0.00000e+00
      1000        67  1.36801e-16  0.00000e+00
      1000        68  4.25276e-16  0.00000e+00
      1000        69  1.34136e-15  0.00000e+00
      1000        70  4.18267e-15  0.00000e+00
      1000        71  1.29804e-14  0.00000e+00
      1000        72  4.07890e-14  0.00000e+00
      1000        73  1.25292e-13  0.00000e+00
      1000        74  3.86549e-13  0.00000e+00
      1000        75  1.23122e-12  0.00000e+00
      1000        76  3.94000e-12  0.00000e+00
      1000        77  1.25563e-11  0.00000e+00
      1000        78  4.07791e-11  0.00000e+00
      1000        79  1.31405e-10  0.00000e+00
      1000        80  4.17748e-10  0.00000e+00
      1000        81  1.31876e-09  0.00000e+00
      1000        82  4.17500e-09  0.00000e+00
      1000        83  1.32524e-08  0.00000e+00
      1000        84  4.16351e-08  0.00000e+00
      1000        85  1.37393e-07  0.00000e+00
      1000        86  4.56999e-07  0.00000e+00
      1000        87  1.49442e-06  0.00000e+00
      1000        88  4.83874e-06  0.00000e+00
      1000        89  1.55705e-05  0.00000e+00
      1000        90  5.29113e-05  0.00000e+00
      1000        91  1.92896e-04  0.00000e+00
      1000        92  7.81595e-04  0.00000e+00
      1000        93      0.00330  0.00000e+00
      1000        94      0.01619  0.00000e+00
      1000        95      0.08994  0.00000e+00
